1346
     1,    422    227    499    819    820    821,      2    335   1155
     2,    317    422    499    822    821    823,      1    647   1041
     3,    207    355    404    824    825    826,    173    432    433
     4,    356    208    405    827    828    829,    178    351    434
     5,    240    356    644    830    831    832,     23    174   1323
     6,    352    248    415    833    834    835,     17     99    524
     7,    361    589    594    836    837    838,     16    135    752
     8,    399    315    582    839    840    841,      9    395    990
     9,    202    399    582    842    841    843,      8    359    448
    10,     72     73    379     88    844    845,     54    200
    11,    166    167    380    182    846    847,     55    201
    12,     77     78    381     93    848    849,    202    257
    13,    171    172    382    187    850    851,    203    258
    14,    357    311    656    852    853    854,     15    104   1046
    15,    234    357    656    855    854    856,     14    170   1329
    16,    361    208    589    857    858    836,      7    164    178
    17,    248    352    567    833    859    860,      6    187    772
    18,    396    196    458    861    862    863,     19    193    323
    19,    266    396    458    864    863    865,     18    352    396
    20,    313    572    705    866    867    868,     41    459    549
    21,    342    221    479    869    870    871,     52    570   1086
    22,    222    343    480    872    873    874,     53    195    571
    23,    240    644    673    832    875    876,      5    152    391
    24,     33    486    648    877    878    879,     73    430    769
    25,    485      7    649    880    881    882,     74    431    770
    26,    762    240    813    883    884    885,     28     94   1251
    27,    248    400    442    886    887    888,    165    187    240
    28,    240    403    813    889    890    884,     26    391    968
    29,    369    109    549    891    892    893,     82    269   1084
    30,    359    301    635    894    895    896,     31     58    667
    31,    227    359    635    897    896    898,     30     93   1166
    32,    272    376    408    899    900    901,    142    458    554
    33,    388    210    434    902    903    904,    298    354    791
    34,    367    257    457    905    906    907,     35    237    961
    35,    209    367    457    908    907    909,     34    216    456
    36,    194    401    694    910    911    912,     37    381   1203
    37,    401    346    694    913    914    911,     36    483   1270
    38,    434    264    453    915    916    917,     39    697    848
    39,    304    434    453    918    917    919,     38    607    932
    40,    276    344    456    920    921    922,     51    704   1019
    41,    445    313    705    923    868    924,     20    447    911
    42,    368    195    465    925    926    927,     57     96    217
    43,    245    368    665    928    929    930,    217    218    320
    44,    383    119    621    931    932    933,    224    244    264
    45,    252    351    459    934    935    936,    144    263    849
    46,    258    347    477    937    938    939,     61     65    404
    47,    348    259    478    940    941    942,     62     70    403
    48,    349    226    618    943    944    945,    112    385   1156
    49,    237    364    436    946    947    948,     88    210    534
    50,    365    238    435    949    950    951,     89    205    478
    51,    344    276    781    920    952    953,     40    479    646
    52,    221    342    610    869    954    955,     21    592    823
    53,    343    222    609    872    956    957,     22    593    824
    54,    379     73    427    844    958    959,     10    355    482
    55,    380    167    428    846    960    961,     11    356    372
    56,    368    285    590    962    963    964,     57    126    973
    57,    195    368    590    925    964    965,     42     56    899
    58,    301    359    664    894    966    967,     30    315    818
    59,    218    619    743    968    969    970,    191    286    921
    60,    497    330    568    971    972    973,     81    518   1193
    61,    347    105    477    974    975    938,     46     67    555
    62,    123    348    478    976    942    977,     47     68    556
    63,    261    394    503    978    979    980,    166    259    338
    64,    395    262    504    981    982    983,    169    260    339
    65,    347    258    540    937    984    985,     46    277    637
    66,    331    490    562    986    987    988,    128    481   1171
    67,    105    347    714    974    989    990,     61    515   1013
    68,    348    123    715    976    991    992,     62    514   1016
    69,    387    203    650    993    994    995,    177    331   1315
    70,    259    348    541    940    996    997,     47    268    726
    71,    318    527    614    998    999   1000,     79    779   1050
    72,    528    319    615   1001   1002   1003,     80    247    780
    73,    486    333    648   1004   1005    878,     24    600   1310
    74,    332    485    649   1006    882   1007,     25    597   1309
    75,    103    104    394    135   1008   1009,     98    337
    76,    124    125    395    156   1010   1011,     97    340
    77,    413    608    697   1012   1013   1014,     87    452    937
    78,    446     18    735   1015   1016   1017,    176    245   1052
    79,    447    318    614   1018   1000   1019,     71    167    811
    80,    319    448    615   1020   1021   1002,     72    168    812
    81,    219    497    568   1022    973   1023,     60    136    905
    82,    109    369    518    891   1024   1025,     29    365    964
    83,     70    370    578   1026   1027   1028,    248    349   1070
    84,    164    371    579   1029   1030   1031,    249    348    462
    85,    372    174    580   1032   1033   1034,    250    347   1073
    86,    373     80    581   1035   1036   1037,    251    346    464
    87,    413    305    608   1038   1039   1012,     77    407    924
    88,    364    250    436   1040   1041    947,     49    129    358
    89,    251    365    435   1042    951   1043,     50    131    357
    90,    294    362    576   1044   1045   1046,    156    444    533
    91,    266    409    414   1047   1048   1049,     92    442    560
    92,    409    249    414   1050   1051   1048,     91    379    445
    93,    359    227    601    897   1052   1053,     31    335   1186
    94,    387    762    813   1054    885   1055,     26   1315   1342
    95,    480    321    584   1056   1057   1058,    195    512    821
    96,    195    385    465   1059   1060    926,     42    199    281
    97,    124    395    715   1011   1061   1062,     76    514   1015
    98,    394    104    714   1008   1063   1064,     75    515   1014
    99,    248    410    415   1065   1066    834,      6    100    542
   100,    410    267    415   1067   1068   1066,     99    525    575
   101,    386    202    538   1069   1070   1071,    102    297    658
   102,    275    386    538   1072   1071   1073,    101    192    265
   103,    203    391    420   1074   1075   1076,    148    292    486
   104,    311    357    506    852   1077   1078,     14    521   1215
   105,    216    411    524   1079   1080   1081,    106    393   1142
   106,    411    309    524   1082   1083   1080,    105    550    740
   107,    306    412    521   1084   1085   1086,    108    551    737
   108,    412    214    521   1087   1088   1085,    107    394   1141
   109,    223    481    623   1089   1090   1091,    171    336    578
   110,    482    224    625   1092   1093   1094,    172    288    580
   111,    239    643    744   1095   1096   1097,    143    373   1253
   112,    226    349    548    943   1098   1099,     48    206    225
   113,      2     68    507     83   1100   1101,    116   1223
   114,      4    162    508    177   1102   1103,    117   1224
   115,      1      5    509     36   1104   1105,    118   1062
   116,     35      2    507     67   1101   1106,    113   1063
   117,    129      4    508    161   1103   1107,    114   1149
   118,    176      1    509    192   1105   1108,    115   1225
   119,     82      3    510     98   1109   1110,    120   1226
   120,      3     99    510    130   1111   1109,    119   1150
   121,    236    385    577   1112   1113   1114,    134    272   1234
   122,    377    258    474   1115   1116   1117,    123    277    992
   123,    207    377    474   1118   1117   1119,    122    163    252
   124,    378    208    475   1120   1121   1122,    125    164    185
   125,    259    378    475   1123   1122   1124,    124    268    993
   126,    285    368    432    962   1125   1126,     56    484    751
   127,    228    366    632   1127   1128   1129,    132    401    587
   128,    490    220    562   1130   1131    987,     66    934   1176
   129,    250    364    443   1040   1132   1133,     88    130    918
   130,    364    199    443   1134   1135   1132,    129    211    332
   131,    365    251    444   1042   1136   1137,     89    293    919
   132,    366    228    620   1127   1138   1139,    127    151   1254
   133,    260    390    473   1140   1141   1142,    316    325    574
   134,    385    291    577   1143   1144   1113,    121    198    613
   135,    589    282    594   1145   1146    837,      7    308   1024
   136,    219    351    497   1147   1148   1022,     81    144    146
   137,    388    243    751   1149   1150   1151,    160    327    494
   138,    389    274    750   1152   1153   1154,    161    162    304
   139,    375    205    560   1155   1156   1157,    140    181    856
   140,    272    375    560   1158   1157   1159,    139    159    942
   141,    234    376    559   1160   1161   1162,    142    170    280
   142,    376    272    559    899   1163   1161,     32    141    942
   143,    643    239    775   1095   1164   1165,    111    341    766
   144,    351    252    497    934   1166   1148,     45    136   1194
   145,    424    115    554   1167   1168   1169,    197    314    829
   146,    351    219    627   1147   1170   1171,    136    711    809
   147,    239    386    442   1172   1173   1174,    192    240    330
   148,    391    290    420   1175   1176   1075,    103    374    669
   149,     20    440    494   1177   1178   1179,    196    506    572
   150,    366    206    449   1180   1181   1182,    179    718    962
   151,    290    366    620   1183   1139   1184,    132    180    669
   152,    644    346    673   1185   1186    875,     23    483   1207
   153,    237    384    586   1187   1188   1189,    154    210    291
   154,    384    284    586   1190   1191   1188,    153    287   1159
   155,    242    380    545   1192   1193   1194,    223    274    372
   156,    362    294    716   1044   1195   1196,     90    963   1167
   157,    232    383    642   1197   1198   1199,    158    285    753
   158,    383    300    642   1200   1201   1198,    157    244    321
   159,    375    272    800   1158   1202   1203,    140    204   1175
   160,    243    398    751   1204   1205   1150,    137    405    895
   161,    274    397    750   1206   1207   1153,    138    313   1317
   162,    545    389    750   1208   1154   1209,    138    223    334
   163,    360    207    474   1210   1119   1211,    123    188    495
   164,    208    361    475    857   1212   1121,     16    124    496
   165,    248    442    556    888   1213   1214,     27    471    542
   166,    447    261    503   1215    980   1216,     63    167    475
   167,    318    447    503   1018   1216   1217,     79    166    184
   168,    448    319    504   1020   1218   1219,     80    169    999
   169,    262    448    504   1220   1219    982,     64    168    476
   170,    357    234    559    855   1162   1221,     15    141    941
   171,    481    338    623   1222   1223   1090,    109    708    985
   172,    339    482    625   1224   1094   1225,    110    709    988
   173,    355    207    552    824   1226   1227,      3    685   1061
   174,    356    240    553    830   1228   1229,      5    852   1251
   175,    505    321    557   1230   1231   1232,    289    384    512
   176,     17     18    446     49   1015   1233,     78    692
   177,    203    416    650   1234   1235    994,     69    652    684
   178,    208    356    589    827   1236    858,      4     16    852
   179,    206    366    628   1180   1237   1238,    150    180    631
   180,    366    290    628   1183   1239   1237,    151    179    632
   181,    205    375    460   1155   1240   1241,    139    182    831
   182,    375    253    460   1242   1243   1240,    181    226    850
   183,    229    450    503   1244   1245   1246,    184    650    803
   184,    450    318    503   1247   1217   1245,    167    183    897
   185,    208    378    672   1120   1248   1249,    124    351   1106
   186,    221    764    770   1250   1251   1252,    324    559    823
   187,    400    248    567    886    860   1253,     17     27   1143
   188,    207    360    761   1210   1254   1255,    163    685   1274
   189,    114    424    468   1256   1257   1258,    197    310    402
   190,    328    532    538   1259   1260   1261,    265    470    797
   191,    452    218    743   1262    970   1263,     59    468    984
   192,    386    275    442   1072   1264   1173,    102    147    471
   193,    196    392    458   1265   1266    862,     18    194    370
   194,    392    314    458   1267   1268   1266,    193    353    386
   195,    222    480    584    874   1058   1269,     22     95   1196
   196,     19     20    494     51   1179   1270,    149   1113
   197,    114    115    424    146   1167   1256,    145    189
   198,    291    385    613   1143   1271   1272,    134    199   1236
   199,    385    195    613   1059   1273   1271,     96    198   1218
   200,     72    379    513    845   1274   1275,     10    701    762
   201,    166    380    514    847   1276   1277,     11    702    763
   202,    381     78    511    848   1278   1279,     12    699    764
   203,    382    172    512    850   1280   1281,     13    700    765
   204,    272    583    800   1282   1283   1202,    159    554   1283
   205,    238    365    489    949   1284   1285,     50    938   1147
   206,    349    494    548   1286   1287   1098,    112    207   1169
   207,    494    257    548   1288   1289   1287,    206    237    506
   208,    406    323    443   1290   1291   1292,    332    362    595
   209,    324    407    444   1293   1294   1295,    253    333    363
   210,    364    237    586    946   1189   1296,     49    153   1221
   211,    199    364    676   1134   1297   1298,    130    928   1221
   212,    213    455    551   1299   1300   1301,    213    441    539
   213,    455    334    551   1302   1303   1300,    212    262    955
   214,    334    390    464   1304   1305   1306,    215    262    270
   215,    390    197    464   1307   1308   1305,    214    326    611
   216,    367    209    659    908   1309   1310,     35    473   1265
   217,    368    465    665    927   1311    929,     42     43    994
   218,    368    245    629    928   1312   1313,     43    751   1210
   219,    306    406    557   1314   1315   1316,    220    551    604
   220,    406    199    557   1317   1318   1315,    219    289    332
   221,    201    407    558   1319   1320   1321,    222    333   1219
   222,    407    309    558   1322   1323   1320,    221    550    602
   223,    242    545    750   1194   1209   1324,    155    162   1316
   224,    119    120    621    151   1325    932,     44    927
   225,    367    226    548   1326   1099   1327,    112    236    237
   226,    253    375    490   1242   1328   1329,    182   1047   1175
   227,    277    370    606   1330   1331   1332,    238    248    687
   228,    278    371    605   1333   1334   1335,    233    249    688
   229,    372    280    604   1336   1337   1338,    239    250    689
   230,    373    279    603   1339   1340   1341,    234    251    690
   231,    241    379    575   1342   1343   1344,    273    482    714
   232,    461    363    669   1345   1346   1347,    254    757    957
   233,    371    278    712   1333   1348   1349,    228    939   1248
   234,    279    373    713   1339   1350   1351,    230    940   1249
   235,    574    326    598   1352   1353   1354,    387    409    513
   236,    226    367    701   1326   1355   1356,    225    622   1265
   237,    257    367    548    905   1327   1289,     34    207    225
   238,    370    277    681   1330   1357   1358,    227    719   1303
   239,    280    372    682   1336   1359   1360,    229    720   1304
   240,    400    239    442   1361   1174    887,     27    147    341
   241,    459    204    602   1362   1363   1364,    242    295    778
   242,    340    459    602   1365   1364   1366,    241    614   1282
   243,    554    358    632   1367   1368   1369,    282    628    705
   244,    300    383    621   1200    933   1370,     44    158   1240
   245,    349    446    735   1371   1017   1372,     78    385   1169
   246,    200    451    528   1373   1374   1375,    247    806   1214
   247,    451    319    528   1376   1001   1374,     72    246    898
   248,    370     70    606   1026   1377   1331,     83    227    746
   249,    371    164    605   1029   1378   1334,     84    228    747
   250,    174    372    604   1032   1338   1379,     85    229    744
   251,     80    373    603   1035   1341   1380,     86    230    745
   252,    377    207    691   1118   1381   1382,    123    432   1257
   253,    407    324    697   1293   1383   1384,    209    266    922
   254,    310    461    669   1385   1347   1386,    232    367    907
   255,    211    389    737   1387   1388   1389,    303    334    418
   256,    464    267    551   1390   1391   1392,    262    525   1012
   257,     77    381    500    849   1393   1394,     12    552    925
   258,    171    382    501    851   1395   1396,     13    553    926
   259,    503    394    670    979   1397   1398,     63    803   1014
   260,    395    504    671    983   1399   1400,     64    804   1015
   261,    231    611    786   1401   1402   1403,    275    610    904
   262,    334    464    551   1306   1392   1303,    213    214    256
   263,    459    351    678    935   1404   1405,     45    295    825
   264,    119    383    542    931   1406   1407,     44    673   1161
   265,    532    275    538   1408   1073   1260,    102    190    656
   266,    407    697    726   1384   1409   1410,    253    602    627
   267,    377    229    540   1411   1412   1413,    276    277    594
   268,    378    259    541   1123    997   1414,     70    125    278
   269,    109    110    549    141   1415    892,     29   1144
   270,    390    334    782   1304   1416   1417,    214    316   1260
   271,    270    421    619   1418   1419   1420,    309    474    677
   272,    385    236    657   1112   1421   1422,    121    307    776
   273,    379    241    724   1342   1423   1424,    231    731    762
   274,    380    242    723   1192   1425   1426,    155    732    763
   275,    611    369    786   1427   1428   1402,    261    964   1084
   276,    229    377    660   1411   1429   1430,    267    650   1257
   277,    258    377    540   1115   1413    984,     65    122    267
   278,    230    378    541   1431   1414   1432,    268    279    725
   279,    378    230    561   1431   1433   1434,    278   1060   1106
   280,    376    234    569   1160   1435   1436,    141    781   1217
   281,    385    297    465   1437   1438   1060,     96    307    994
   282,    292    554    632   1439   1369   1440,    243    314    834
   283,    639    361    642   1441   1442   1443,    321    496    752
   284,    402    283    489   1444   1445   1446,    505    507    860
   285,    383    232    787   1197   1447   1448,    157    891   1161
   286,    619    337    743   1449   1450    969,     59    677    872
   287,    284    384    502   1190   1451   1452,    154    392    538
   288,    224    482    772   1092   1453   1454,    110   1145   1170
   289,    199    505    557   1455   1232   1318,    175    220    928
   290,    399    281    593   1456   1457   1458,    422    453   1258
   291,    384    237    506   1187   1459   1460,    153    816   1107
   292,    391    203    456   1074   1461   1462,    103    721    793
   293,    365    444    703   1137   1463   1464,    131    294    938
   294,    444    201    703   1465   1466   1463,    293    333   1031
   295,    204    459    678   1362   1405   1467,    241    263    975
   296,    419    637    665   1468   1469   1470,    320    535    591
   297,    202    386    633   1069   1471   1472,    101    359   1129
   298,    210    388    587    902   1473   1474,     33    299    494
   299,    495    210    587   1475   1474   1476,    298    300   1020
   300,    353    495    587   1477   1476   1478,    299    916   1295
   301,    211    496    588   1479   1480   1481,    302    303   1185
   302,    496    354    588   1482   1483   1480,    301    917   1162
   303,    389    211    588   1387   1481   1484,    255    301    304
   304,    274    389    588   1152   1484   1485,    138    303   1163
   305,    243    607    721   1486   1487   1488,    317    733    901
   306,    244    608    722   1489   1490   1491,    318    452    734
   307,    297    385    657   1437   1422   1492,    272    281    777
   308,    282    416    594   1493   1494   1146,    135    364    684
   309,    531    270    619   1495   1420   1496,    271    454    921
   310,    113    114    468    145   1258   1497,    189   1022
   311,     12     13    418     44   1498   1499,    388    427
   312,     27     28    417     59   1500   1501,    389    428
   313,    397    274    574   1206   1502   1503,    161    419    889
   314,    292    424    554   1504   1169   1439,    145    282    767
   315,    359    457    664   1505   1506    966,     58    457    961
   316,    473    390    782   1141   1417   1507,    133    270    406
   317,    607    381    721   1508   1509   1487,    305    764    925
   318,    608    382    722   1510   1511   1490,    306    765    926
   319,    450    268    544   1512   1513   1514,    361    526    892
   320,    637    245    665   1515    930   1469,     43    296    893
   321,    300    639    642   1516   1443   1201,    158    283    619
   322,    396    271    563   1517   1518   1519,    323    360    854
   323,    196    396    563    861   1519   1520,     18    322   1076
   324,    764    340    770   1521   1522   1251,    186    845   1282
   325,    390    260    534   1140   1523   1524,    133    326    543
   326,    197    390    534   1307   1524   1525,    215    325   1168
   327,    243    388    696   1149   1526   1527,    137    354    901
   328,    417    253    472   1528   1529   1530,    389    437    492
   329,    252    418    471   1531   1532   1533,    388    440    493
   330,    386    239    566   1172   1534   1535,    147   1129   1253
   331,    203    387    739    993   1536   1537,     69    793   1342
   332,    199    406    443   1317   1292   1135,    130    208    220
   333,    407    201    444   1319   1465   1294,    209    221    294
   334,    389    545    737   1208   1538   1388,    162    255   1001
   335,    227    422    601    819   1539   1052,      1     93    648
   336,    481    223    748   1089   1540   1541,    109   1148   1232
   337,    103    394    487   1009   1542   1543,     75    338    633
   338,    394    261    487    978   1544   1542,     63    337    959
   339,    262    395    488    981   1545   1546,     64    340    960
   340,    395    125    488   1010   1547   1545,     76    339    634
   341,    239    400    775   1361   1548   1164,    143    240    998
   342,    254    449    599   1549   1550   1551,    350    718    882
   343,    392    263    543   1552   1553   1554,    366    565    900
   344,    476    219    498   1555   1556   1557,    345    711    905
   345,    316    476    498   1558   1557   1559,    344    371   1040
   346,     80     81    581     96   1560   1036,     86   1287
   347,    174    175    580    190   1561   1033,     85   1286
   348,    163    164    579    179   1031   1562,     84   1285
   349,     69     70    578     85   1028   1563,     83   1284
   350,    452    254    599   1564   1551   1565,    342    813    984
   351,    405    208    672    828   1249   1566,      4    185    601
   352,    266    458    516    865   1567   1568,     19    353    442
   353,    458    314    516   1268   1569   1567,    194    352    675
   354,    388    434    696    904   1570   1526,     33    327    607
   355,     73     74    427     89   1571    958,     54    814
   356,    167    168    428    183   1572    960,     55    815
   357,    431    251    435   1573   1043   1574,     89    375    786
   358,    250    430    436   1575   1576   1041,     88    376    784
   359,    399    202    633    842   1472   1577,      9    297    422
   360,    271    396    600   1517   1578   1579,    322    429   1108
   361,    450    544    666   1514   1580   1581,    319    883    897
   362,    443    323    740   1291   1582   1583,    208    918   1124
   363,    324    444    741   1295   1584   1585,    209    919   1125
   364,    594    416    674   1494   1586   1587,    308    691    920
   365,    108    109    518    140   1025   1588,     82    974
   366,    263    392    539   1552   1589   1590,    343    370    643
   367,    441    310    669   1591   1386   1592,    254    400    847
   368,    106    107    426    138   1593   1594,    466    694
   369,    121    122    425    153   1595   1596,    467    796
   370,    392    196    539   1265   1597   1589,    193    366   1198
   371,    476    316    563   1558   1598   1599,    345    399    854
   372,    380    428    545    961   1600   1193,     55    155    617
   373,    643    355    744   1601   1602   1096,    111   1061   1320
   374,    290    391    637   1175   1603   1604,    148    591    894
   375,    303    431    435   1605   1574   1606,    357    581    608
   376,    430    302    436   1607   1608   1576,    358    579    724
   377,    260    470    709   1609   1610   1611,    382    574   1054
   378,    350    414    766   1612   1613   1614,    379    522   1339
   379,    414    249    766   1051   1615   1613,     92    378   1326
   380,    384    700    769   1616   1617   1618,    491    538    816
   381,    401    194    768    910   1619   1620,     36   1300   1337
   382,    601    260    709   1621   1611   1622,    377    648   1186
   383,    411    320    558   1623   1624   1625,    550    635    649
   384,    321    412    557   1626   1627   1231,    175    551    636
   385,    446    349    618   1371    945   1628,     48    245    827
   386,    314    392    734   1267   1629   1630,    194    900   1120
   387,    484    326    574   1631   1352   1632,    235    889   1146
   388,    418     13    471   1498   1633   1532,    311    329    489
   389,     27    417    472   1501   1530   1634,    312    328    490
   390,    294    562    641   1635   1636   1637,    421    712    934
   391,    403    240    673    889    876   1638,     23     28    609
   392,    284    502    584   1452   1639   1640,    287    408    943
   393,    411    216    492   1079   1641   1642,    105    412    807
   394,    214    412    493   1087   1643   1644,    108    411    808
   395,    315    399    747    839   1645   1646,      8    453    713
   396,    396    266    658    864   1647   1648,     19    429    560
   397,    325    483    544   1649   1650   1651,    398    423    527
   398,    483    198    544   1652   1653   1650,    397    883   1157
   399,    563    316    706   1598   1654   1655,    371    716   1076
   400,    441    669    729   1592   1656   1657,    367    722   1115
   401,    632    366    797   1128   1658   1659,    127    834    962
   402,    424    254    468   1660   1661   1257,    189    759    873
   403,    259    425    478   1662   1663    941,     47    467    618
   404,    426    258    477   1664    939   1665,     46    466    620
   405,    398    243    774   1204   1666   1667,    160   1097   1192
   406,    235    473    782   1668   1507   1669,    316    879   1331
   407,    305    413    738   1038   1670   1671,     87    516   1006
   408,    584    502    708   1639   1672   1673,    392   1140   1196
   409,    200    574    598   1674   1354   1675,    235    566    806
   410,    332    492    564   1676   1677   1678,    412    597   1089
   411,    214    493    565   1644   1679   1680,    394    413    729
   412,    492    216    564   1641   1681   1677,    393    410    730
   413,    493    333    565   1682   1683   1679,    411    600   1092
   414,    317    408    690   1684   1685   1686,    480    567    647
   415,    231    593    789   1687   1688   1689,    520    904    929
   416,     24     25    438     56   1690   1691,    509    662
   417,     15     16    437     47   1692   1693,    654    659
   418,    515    211    737   1694   1389   1695,    255    488   1199
   419,    397    574    731   1503   1696   1697,    313    566    775
   420,    498    293    640   1698   1699   1700,    436    871   1040
   421,    499    294    641   1701   1637   1702,    390    963   1041
   422,    281    399    633   1456   1577   1703,    290    359    953
   423,    483    325    748   1649   1704   1705,    397    424   1148
   424,    573    483    748   1706   1705   1707,    423    888   1232
   425,    268    404    535   1708   1709   1710,    449    526    588
   426,    405    269    536   1711   1712   1713,    435    450    601
   427,     12    418    631   1499   1714   1715,    311    511    877
   428,    417     28    630   1500   1716   1717,    312    510    878
   429,    600    396    658   1578   1648   1718,    360    396    487
   430,     33     34    486     65   1719    877,     24   1165
   431,      6      7    485     38    880   1720,     25   1164
   432,    207    404    691    826   1721   1381,      3    252    588
   433,    404    355    810    825   1722   1723,      3    449   1320
   434,    356    405    811    829   1724   1725,      4    450   1323
   435,    536    269    598   1712   1726   1727,    426    513    626
   436,    293    618    640   1728   1729   1699,    420    827   1156
   437,    253    417    592   1528   1730   1731,    328    438    850
   438,    417    296    592   1732   1733   1730,    437    510   1123
   439,    295    418    591   1734   1735   1736,    440    511   1122
   440,    418    252    591   1531   1737   1735,    329    439    849
   441,    455    213    571   1299   1738   1739,    212    508    954
   442,    409    266    516   1047   1568   1740,     91    352    443
   443,    212    409    516   1741   1740   1742,    442    541    676
   444,    576    362    771   1045   1743   1744,     90    977   1028
   445,    249    409    636   1050   1745   1746,     92    696   1048
   446,    451    269    561   1747   1748   1749,    590    626   1105
   447,    313    445    582    923   1750   1751,     41    448    991
   448,    445    202    582   1752    843   1750,      9    447    658
   449,    535    404    810   1709   1723   1753,    425    433    460
   450,    405    536    811   1713   1754   1724,    426    434    461
   451,    552    281    744   1755   1756   1757,    498   1061   1244
   452,    608    244    697   1489   1758   1013,     77    306    627
   453,    399    593    747   1458   1759   1645,    290    395    929
   454,    491    270    531   1760   1495   1761,    309    455   1187
   455,    315    491    531   1762   1761   1763,    454    713    858
   456,    209    457    709    909   1764   1765,     35    457   1054
   457,    457    359    709   1505   1766   1764,    315    456   1186
   458,    408    376    805    900   1767   1768,     32    480   1137
   459,    572    236    705   1769   1770    867,     20    682   1234
   460,    246    535    810   1771   1753   1772,    449    500   1321
   461,    536    247    811   1773   1774   1754,    450    502   1322
   462,    579    371    596   1030   1775   1776,     84    463   1248
   463,    287    579    596   1777   1776   1778,    462    664   1272
   464,    373    581    597   1037   1779   1780,     86    465   1249
   465,    581    289    597   1781   1782   1779,    464    666   1273
   466,    106    426    477   1594   1665   1783,    368    404    555
   467,    425    122    478   1595   1784   1663,    369    403    556
   468,    218    452    652   1262   1785   1786,    191    469   1173
   469,    452    329    652   1787   1788   1785,    468    497    813
   470,    445    328    538   1789   1261   1790,    190    658    911
   471,    442    275    556   1264   1791   1213,    165    192    678
   472,    402    320    717   1792   1793   1794,    477    910   1087
   473,    209    423    659   1795   1796   1309,    216    651    728
   474,    421    270    746   1418   1797   1798,    271    625    715
   475,    261    447    686   1215   1799   1800,    166    545    912
   476,    448    262    687   1220   1801   1802,    169    546    913
   477,    320    402    727   1792   1803   1804,    472    649   1030
   478,    435    238    634    950   1805   1806,     50    608    958
   479,    276    555    781   1807   1808    952,     51   1055   1262
   480,    690    408    805   1685   1768   1809,    414    458    706
   481,    438    331    562   1810    988   1811,     66    661    712
   482,    379    427    575    959   1812   1343,     54    231    561
   483,    346    401    673    913   1813   1186,     37    152   1088
   484,    285    432    546   1126   1814   1815,    126    485    612
   485,    432    212    546   1816   1817   1814,    484    645    676
   486,    203    420    736   1076   1818   1819,    103    652    743
   487,    233    600    658   1820   1718   1821,    429   1018   1127
   488,    413    211    515   1822   1694   1823,    418    516    586
   489,     13     14    471     45   1824   1633,    388    867
   490,     26     27    472     58   1634   1825,    389    866
   491,    700    205    769   1826   1827   1617,    380    831    856
   492,    472    253    779   1529   1828   1829,    328   1047   1117
   493,    252    471    778   1533   1830   1831,    329   1116   1194
   494,    587    388    751   1473   1151   1832,    137    298    603
   495,    360    474    638   1211   1833   1834,    163    528    992
   496,    475    361    639   1212   1441   1835,    164    283    993
   497,    329    572    652   1836   1837   1788,    469    523    549
   498,    281    566    744   1838   1839   1756,    451    953   1253
   499,    481    325    535   1840   1841   1842,    500    527   1148
   500,    246    481    535   1843   1842   1771,    460    499    707
   501,    326    482    536   1844   1845   1846,    502    513   1145
   502,    482    247    536   1847   1773   1845,    461    501    710
   503,    686    217    753   1848   1849   1850,    564    912   1042
   504,    215    687    752   1851   1852   1853,    563    913   1043
   505,    283    402    585   1444   1854   1855,    284    910   1271
   506,    440    257    494   1856   1288   1178,    149    207    817
   507,    402    489    703   1446   1857   1858,    284    938   1030
   508,    455    571    796   1739   1859   1860,    441    876   1010
   509,     24    438    576   1691   1861   1862,    416    533    864
   510,    296    417    630   1732   1717   1863,    428    438    931
   511,    418    295    631   1734   1864   1714,    427    439    930
   512,    321    505    584   1230   1865   1057,     95    175    943
   513,    326    536    598   1846   1727   1353,    235    435    501
   514,    123    124    715    155   1062    991,     68     97
   515,    104    105    714    136    990   1063,     67     98
   516,    413    515    738   1823   1866   1670,    407    488   1119
   517,    571    328    577   1867   1868   1869,    613    797   1235
   518,    330    437    568   1870   1871    972,     60    660    686
   519,    533    118    542   1872   1873   1874,    562    673    674
   520,    593    360    789   1875   1876   1688,    415    528   1274
   521,    506    357    700   1077   1877   1878,    104    816    855
   522,    414    350    798   1612   1879   1880,    378    870   1128
   523,    329    429    572   1881   1882   1836,    497    682    828
   524,    352    415    799    835   1883   1884,      6    799   1328
   525,    267    410    551   1067   1885   1391,    100    256    539
   526,    268    535    544   1710   1886   1513,    319    425    527
   527,    535    325    544   1841   1651   1886,    397    499    526
   528,    360    638    789   1834   1887   1876,    495    520   1009
   529,    226    439    640   1888   1889   1890,    530    622   1156
   530,    439    316    640   1891   1892   1889,    529    716   1040
   531,    127    128    802    159   1893   1894,    547   1110
   532,    100    101    801    132   1895   1896,    548   1111
   533,    438    294    576   1897   1046   1861,     90    509    712
   534,    237    436    662    948   1898   1899,     49    724   1246
   535,    297    419    665   1900   1470   1901,    296    630    994
   536,    517    225    550   1902   1903   1904,    537    983   1118
   537,    327    517    550   1905   1904   1906,    536    573    683
   538,    502    384    769   1451   1618   1907,    287    380   1209
   539,    410    213    551   1908   1301   1885,    212    525    596
   540,    312    470    473   1909   1910   1911,    574    826   1044
   541,    409    212    555   1741   1912   1913,    443    696   1262
   542,    410    248    556   1065   1214   1914,     99    165   1245
   543,    260    422    534   1915   1916   1523,    325    648    996
   544,    590    327    663   1917   1918   1919,    573    899   1102
   545,    261    686    784   1800   1920   1921,    475    959   1290
   546,    687    262    785   1801   1922   1923,    476    960   1291
   547,    128    529    802   1924   1925   1893,    531   1238   1243
   548,    530    100    801   1926   1896   1927,    532   1239   1242
   549,    572    313    652    866   1928   1837,     20    497   1056
   550,    309    411    558   1082   1625   1323,    106    222    383
   551,    412    306    557   1084   1316   1627,    107    219    384
   552,     76     77    500     92   1394   1929,    257    951
   553,    170    171    501    186   1396   1930,    258    952
   554,    272    408    583    901   1931   1282,     32    204   1266
   555,    105    106    477    137   1783    975,     61    466
   556,    122    123    478    154    977   1784,     62    467
   557,      8      9    466     40   1932   1933,    979   1025
   558,     31     32    467     63   1934   1935,    980   1026
   559,    585    221    770   1936   1252   1937,    186   1247   1271
   560,    266    414    658   1049   1938   1647,     91    396   1128
   561,    427    264    575   1939   1940   1812,    482    583    605
   562,    117    118    533    149   1872   1941,    519   1065
   563,    596    215    752   1942   1853   1943,    504   1178   1272
   564,    217    597    753   1944   1945   1849,    503   1179   1273
   565,    263    423    543   1946   1947   1553,    343    728   1180
   566,    574    200    731   1674   1948   1696,    409    419   1214
   567,    408    317    758   1684   1949   1950,    414   1266   1293
   568,    463     29    795   1951   1952   1953,    584    842   1067
   569,     11    462    794   1954   1955   1956,    585    841   1066
   570,    342    479    791    871   1957   1958,     21    884   1334
   571,    480    343    792    873   1959   1960,     22    885   1335
   572,    440     20    742   1177   1961   1962,    149    657    843
   573,    517    327    590   1905   1917   1963,    537    544    973
   574,    470    260    473   1609   1142   1910,    133    377    540
   575,    415    267    569   1068   1964   1965,    100    799   1216
   576,    453     75    710   1966   1967   1968,    623    773    932
   577,    454    169    711   1969   1970   1971,    624    774    933
   578,    430    223    623   1972   1091   1973,    109    579    783
   579,    302    430    623   1607   1973   1974,    376    578    986
   580,    224    431    625   1975   1976   1093,    110    581    785
   581,    431    303    625   1605   1977   1976,    375    580    987
   582,    675    374    699   1978   1979   1980,    703    768   1095
   583,    264    433    575   1981   1982   1940,    561    714    840
   584,     29     30    795     61   1983   1952,    568   1033
   585,     10     11    794     42   1956   1984,    569   1032
   586,    211    413    763   1822   1985   1986,    488    937   1185
   587,    228    632    677   1129   1987   1988,    127    705    978
   588,    404    268    691   1708   1989   1721,    425    432   1212
   589,    651    194    783   1990   1991   1992,    833    989   1300
   590,    451    561    667   1749   1993   1994,    446    898   1060
   591,    419    290    637   1995   1604   1468,    296    374    632
   592,    342    462    610   1996   1997    954,     52    874   1066
   593,    463    343    609   1998    957   1999,     53    875   1067
   594,    540    229    670   1412   2000   2001,    267    637    803
   595,    323    406    707   1290   2002   2003,    208    672   1324
   596,    213    410    749   1908   2004   2005,    539   1227   1245
   597,    485    332    564   1006   1678   2006,     74    410    598
   598,    288    485    564   2007   2006   2008,    597    908   1255
   599,    486    286    565   2009   2010   2011,    600    909   1256
   600,    333    486    565   1004   2011   1683,     73    413    599
   601,    269    405    672   1711   1566   2012,    351    426   1105
   602,    309    407    726   1322   1410   2013,    222    266   1080
   603,    273    587    751   2014   1832   2015,    494    679   1292
   604,    406    306    733   1314   2016   2017,    219   1136   1324
   605,    264    427    679   1939   2018   2019,    561    697    814
   606,    265    428    680   2020   2021   2022,    617    698    815
   607,    434    304    696    918   2023   1570,     39    354   1241
   608,    303    435    634   1606   1806   2024,    375    478   1289
   609,    403    673    804   1638   2025   2026,    391   1049   1088
   610,    491    231    786   2027   1403   2028,    261   1172   1187
   611,    464    197    683   1308   2029   2030,    215    717   1012
   612,    285    546    595   1815   2031   2032,    484    790    802
   613,    291    571    577   2033   1869   1144,    134    517    876
   614,    459    340    591   1365   2034   2035,    242    845    849
   615,    341    460    592   2036   2037   2038,    832    844    850
   616,    421    111    812   2039   2040   2041,    715    748    830
   617,    428    265    545   2020   2042   1600,    372    606   1001
   618,    425    259    639   1662   2043   2044,    403    619    993
   619,    300    425    639   2045   2044   1516,    321    618    782
   620,    258    426    638   1664   2046   2047,    404    621    992
   621,    426    299    638   2048   2049   2046,    620    693   1009
   622,    439    226    701   1888   1356   2050,    236    529    839
   623,     75     76    710     91   2051   1967,    576    951
   624,    169    170    711    185   2052   1970,    577    952
   625,    270    549    746   2053   2054   1797,    474   1085   1144
   626,    269    451    598   1747   2055   1726,    435    446    806
   627,    697    244    726   1758   2056   1409,    266    452   1197
   628,    358    554    788   1367   2057   2058,    243    956   1064
   629,    206    419    653   2059   2060   2061,    630    631   1294
   630,    419    297    653   1900   2062   2060,    535    629    800
   631,    419    206    628   2059   1238   2063,    179    629    632
   632,    290    419    628   1995   2063   1239,    180    591    631
   633,    102    103    487    134   1543   2064,    337    966
   634,    125    126    488    157   2065   1547,    340    967
   635,    320    411    646   1623   2066   2067,    383    807    820
   636,    412    321    645   1626   2068   2069,    384    808    821
   637,    347    540    670    985   2001   2070,     65    594   1013
   638,    731    307    773   2071   2072   2073,    775   1083   1096
   639,    509    288    806   2074   2075   2076,    663    949   1225
   640,    287    508    809   2077   2078   2079,    664    862   1224
   641,    286    507    808   2080   2081   2082,    665    948   1223
   642,    510    289    807   2083   2084   2085,    666    863   1226
   643,    439    263    539   2086   1590   2087,    366    839    935
   644,    282    553    650   2088   2089   2090,    670    684   1024
   645,    212    432    781   1816   2091   2092,    485    646   1262
   646,    432    344    781   2093    953   2091,     51    645    798
   647,    422    317    690    822   1686   2094,      2    414    996
   648,    422    260    601   1915   1621   1539,    335    382    543
   649,    558    320    727   1624   1804   2095,    383    477   1219
   650,    450    229    660   1244   1430   2096,    183    276    892
   651,    423    209    793   1795   2097   2098,    473    758   1114
   652,    416    203    736   1234   1819   2099,    177    486    653
   653,    322    416    736   2100   2099   2101,    652    691    750
   654,    437     16    622   1692   2102   2103,    417    723    805
   655,     21     22    537     53   2104   2105,   1029   1079
   656,    275    532    749   1408   2106   2107,    265    678   1227
   657,     20     21    742     52   2108   1961,    572   1079
   658,    202    445    538   1752   1790   1070,    101    448    470
   659,     15    437    720   1693   2109   2110,    417    660   1094
   660,    437    330    720   1870   2111   2109,    518    659    868
   661,    331    438    719   1810   2112   2113,    481    662    865
   662,    438     25    719   1690   2114   2112,    416    661   1093
   663,    288    580    806   2115   2116   2075,    639   1072   1286
   664,    579    287    809   1777   2079   2117,    463    640   1285
   665,    578    286    808   2118   2082   2119,    641   1071   1284
   666,    289    581    807   1781   2120   2084,    465    642   1287
   667,    301    537    635   2121   2122    895,     30    668   1103
   668,    537    362    635   2123   2124   2122,    667   1028   1167
   669,    420    290    620   1176   1184   2125,    148    151   1222
   670,    650    553    762   2089   2126   2127,    644   1251   1315
   671,    241    433    707   2128   2129   2130,    672    714   1298
   672,    433    323    707   2131   2003   2129,    595    671    859
   673,    118    119    542    150   1407   1873,    264    519
   674,    298    533    542   2132   1874   2133,    519   1035   1160
   675,    516    314    546   1569   2134   2135,    353    676    790
   676,    212    516    546   1742   2135   1817,    443    485    675
   677,    421    337    619   2136   1449   1419,    271    286    748
   678,    556    275    749   1791   2107   2137,    471    656   1245
   679,    273    751    790   2015   2138   2139,    603    838    895
   680,    250    495    816   2140   2141   2142,    784    794    916
   681,    496    251    818   2143   2144   2145,    786    795    917
   682,    429    236    572   2146   1769   1882,    459    523    776
   683,    327    550    647   1906   2147   2148,    537    727   1130
   684,    416    282    650   1493   2090   1235,    177    308    644
   685,    552    207    761   1226   1255   2149,    173    188   1244
   686,    437    293    568   2150   2151   1871,    518    723    871
   687,    513    277    606   2152   1332   2153,    227    944    971
   688,    514    278    605   2154   1335   2155,    228    945    972
   689,    280    512    604   2156   2157   1337,    229    947    970
   690,    279    511    603   2158   2159   1340,    230    946    969
   691,    416    322    674   2100   2160   1586,    364    653    853
   692,     17    446    622   1233   2161   2162,    176    805    835
   693,    299    426    661   2048   2163   2164,    621    694   1099
   694,    426    107    661   1593   2165   2163,    368    693    896
   695,    222    708    765   2166   2167   2168,    824   1138   1196
   696,    409    555    636   1913   2169   1745,    445    541   1055
   697,    453    264    679    916   2019   2170,     38    605    773
   698,    454    265    680   2171   2022   2172,    606    774    950
   699,     78     79    511     94   2173   1278,    202    969
   700,    172    173    512    188   2174   1280,    203    970
   701,     71     72    513     87   1275   2175,    200    971
   702,    165    166    514    181   1277   2176,    201    972
   703,    455    374    675   2177   1978   2178,    582    955   1010
   704,    456    344    704    921   2179   2180,     40    721   1211
   705,    632    358    677   1368   2181   1987,    243    587   1034
   706,    197    690    805   2182   1809   2183,    480    717   1168
   707,    481    246    692   1843   2184   2185,    500    708   1205
   708,    338    481    692   1222   2185   2186,    171    707   1268
   709,    482    339    695   1224   2187   2188,    172    710   1269
   710,    247    482    695   1847   2188   2189,    502    709   1208
   711,    219    476    627   1555   2190   1170,    146    344    965
   712,    294    438    562   1897   1811   1635,    390    481    533
   713,    491    315    747   1762   1646   2191,    395    455   1172
   714,    433    241    575   2128   1344   1982,    231    583    671
   715,    111    421    746   2039   1798   2192,    474    616   1011
   716,    316    439    706   1891   2193   1654,    399    530    935
   717,    683    197    805   2029   2183   2194,    611    706   1137
   718,    449    206    599   1181   2195   1550,    150    342   1183
   719,    277    521    681   2196   2197   1357,    238    735   1141
   720,    524    280    682   2198   1360   2199,    239    742   1142
   721,    391    456    704   1462   2180   2200,    292    704    894
   722,    283    441    729   2201   1657   2202,    400    789    860
   723,    293    437    622   2150   2103   2203,    654    686    835
   724,    436    302    662   1608   2204   1898,    376    534    995
   725,    230    541    671   1432   2205   2206,    278    726    804
   726,    541    348    671    996   2207   2205,     70    725   1016
   727,    327    647    699   2148   2208   2209,    683   1102   1195
   728,    423    263    659   1946   2210   1796,    473    565   1228
   729,    214    565    757   1680   2211   2212,    411    760   1256
   730,    564    216    756   1681   2213   2214,    412    761   1255
   731,    241    519    724   2215   2216   1423,    273   1182   1190
   732,    242    520    723   2217   2218   1425,    274   1191   1230
   733,    523    243    721   2219   1488   2220,    305   1097   1188
   734,    526    244    722   2221   1491   2222,    306   1189   1197
   735,    277    519    521   2223   2224   2196,    719    737   1190
   736,    278    520    522   2225   2226   2227,    738    939   1191
   737,    519    306    521   2228   1086   2224,    107    735   1136
   738,    520    307    522   2229   2230   2226,    736   1002   1096
   739,    308    523    525   2231   2232   2233,    741   1004   1231
   740,    524    309    526   1083   2234   2235,    106    742   1080
   741,    523    279    525   2236   2237   2232,    739    940   1188
   742,    280    524    526   2198   2235   2238,    720    740   1189
   743,    420    725    736   2239   2240   1818,    486    750   1222
   744,    173    174    604    189   1379   2241,    250    970
   745,     79     80    603     95   1380   2242,    251    969
   746,     70     71    606     86   2243   1377,    248    971
   747,    164    165    605    180   2244   1378,    249    972
   748,    337    421    812   2136   2041   2245,    616    677   1276
   749,    224    484    718   2246   2247   2248,    890   1121   1170
   750,    725    322    736   2249   2101   2240,    653    743   1229
   751,    432    368    629   1125   1313   2250,    126    218    798
   752,    361    594    642    838   2251   1442,      7    283    753
   753,    594    232    642   2252   1199   2251,    157    752    920
   754,    423    312    688   2253   2254   2255,    758   1180   1184
   755,    101    102    616    133   2256   2257,    966   1111
   756,    126    127    617    158   2258   2259,    967   1110
   757,    363    461    651   1345   2260   2261,    232    833    861
   758,    312    423    793   2253   2098   2262,    651    754   1044
   759,    254    424    655   1660   2263   2264,    402    767    882
   760,    681    214    757   2265   2212   2266,    729   1141   1303
   761,    216    682    756   2267   2268   2213,    730   1142   1304
   762,    513    379    724   1274   1424   2269,    200    273    944
   763,    514    380    723   1276   1426   2270,    201    274    945
   764,    381    511    721   1279   2271   1509,    202    317    946
   765,    382    512    722   1281   2272   1511,    203    318    947
   766,    345    643    775   2273   1165   2274,    143   1139   1206
   767,    424    292    655   1504   2275   2263,    314    759   1330
   768,    235    675    699   2276   1980   2277,    582   1195   1331
   769,     32     33    648     64    879   2278,     24    980
   770,      7      8    649     39   2279    881,     25    979
   771,    193    567    654   2280   2281   2282,    772    914   1252
   772,    567    352    654    859   2283   2281,     17    771   1045
   773,     75    453    679   1966   2170   2284,    576    697    836
   774,    169    454    680   1969   2172   2285,    577    698    837
   775,    397    731    773   1697   2073   2286,    419    638   1317
   776,    236    429    657   2146   2287   1421,    272    682    777
   777,    429    297    657   2288   1492   2287,    307    776    800
   778,    204    441    602   2289   2290   1363,    241    789    846
   779,    527    308    614   2291   2292    999,     71   1004   1082
   780,    307    528    615   2293   1003   2294,     72   1002   1083
   781,    569    234    799   1435   2295   2296,    280    799   1329
   782,    425    300    728   2045   2297   2298,    619    796   1240
   783,    223    430    815   1972   2299   2300,    578    851   1344
   784,    430    250    816   1575   2142   2301,    358    680   1344
   785,    431    224    817   1975   2302   2303,    580    890   1346
   786,    251    431    818   1573   2304   2144,    357    681   1346
   787,      9     10    684     41   2305   2306,   1025   1032
   788,     30     31    685     62   2307   2308,   1026   1033
   789,    441    283    602   2201   2309   2290,    722    778   1275
   790,    546    314    595   2134   2310   2031,    612    675   1120
   791,    434    210    745    903   2311   2312,     33    848   1177
   792,    120    121    728    152   2313   2314,    796    927
   793,    456    203    739   1461   1537   2315,    292    331   1019
   794,    495    250    740   2140   2316   2317,    680    918   1124
   795,    251    496    741   2143   2318   2319,    681    919   1125
   796,    121    425    728   1596   2298   2313,    369    782    792
   797,    532    328    571   1259   1867   2320,    190    517    954
   798,    344    432    629   2093   2250   2321,    646    751   1211
   799,    415    569    799   1965   2296   1883,    524    575    781
   800,    297    429    653   2288   2322   2062,    630    777   1259
   801,    322    547    612   2323   2324   2325,    853   1036   1229
   802,    517    285    595   2326   2032   2327,    612    973    983
   803,    229    503    670   1246   1398   2000,    183    259    594
   804,    504    230    671   2328   2206   1399,    260    725   1000
   805,     16     17    622     48   2162   2102,    654    692
   806,    451    200    598   1373   1675   2055,    246    409    626
   807,    411    492    646   1642   2329   2066,    393    635    981
   808,    493    412    645   1643   2069   2330,    394    636    982
   809,    351    627    803   1171   2331   2332,    146    825   1301
   810,    814    573    815   2333   2334   2335,    851   1233   1281
   811,    217    447    614   2336   1019   2337,     79    912   1005
   812,    448    215    615   2338   2339   1021,     80    913   1003
   813,    329    452    599   1787   1565   2340,    350    469   1250
   814,    427     74    679   1571   2341   2018,    355    605    836
   815,    428    168    680   1572   2342   2021,    356    606    837
   816,    384    506    700   1460   1878   1616,    291    380    521
   817,    257    440    664   1856   2343   2344,    506    818    961
   818,    440    301    664   2345    967   2343,     58    817    843
   819,    255    479    646   2346   2347   2348,    820    884    981
   820,    479    320    646   2349   2067   2347,    635    819   1087
   821,    321    480    645   1056   2350   2068,     95    636    822
   822,    480    256    645   2351   2352   2350,    821    885    982
   823,    221    610    764    955   2353   1250,     52    186   1278
   824,    609    222    765    956   2168   2354,     53    695   1279
   825,    678    351    803   1404   2332   2355,    263    809   1336
   826,    312    473    647   1911   2356   2357,    540    879   1130
   827,    293    446    618   2358   1628   1728,    385    436    835
   828,    429    329    732   1881   2359   2360,    523   1250   1259
   829,    115    116    554    147   2361   1168,    145    956
   830,    111    112    812    143   2362   2040,    616   1338
   831,    205    460    769   1241   2363   1827,    181    491    832
   832,    460    341    769   2036   2364   2363,    615    831   1209
   833,    363    651    783   2261   1992   2365,    589    757   1318
   834,    292    632    797   1440   1659   2366,    282    401   1330
   835,    446    293    622   2358   2203   2161,    692    723    827
   836,     74     75    679     90   2284   2341,    773    814
   837,    168    169    680    184   2285   2342,    774    815
   838,    483    273    790   2367   2139   2368,    679    888   1157
   839,    263    439    701   2086   2050   2369,    622    643   1228
   840,    433    264    745   1981   2370   2371,    583    848   1325
   841,    462     11    631   1954   2372   2373,    569    877    930
   842,     29    463    630   1951   2374   2375,    568    878    931
   843,    301    440    742   2345   1962   2376,    572    818   1103
   844,    341    592    765   2038   2377   2378,    615   1123   1138
   845,    591    340    764   2034   1521   2379,    324    614   1122
   846,    441    204    689   2289   2380   2381,    778    847    975
   847,    310    441    689   1591   2381   2382,    367    846    903
   848,    264    434    745    915   2312   2370,     38    791    840
   849,    252    459    591    936   2035   1737,     45    440    614
   850,    460    253    592   1243   1731   2037,    182    437    615
   851,    573    223    815   2383   2300   2334,    783    810   1232
   852,    356    553    589   1229   2384   1236,    174    178   1024
   853,    322    612    674   2325   2385   2160,    691    801   1112
   854,    271    476    563   2386   1599   1518,    322    371    965
   855,    357    560    700   2387   2388   1877,    521    856    941
   856,    560    205    700   1156   1826   2388,    139    491    855
   857,    531    218    570   2389   2390   2391,    858    921   1173
   858,    315    531    570   1763   2391   2392,    455    857    990
   859,    323    433    698   2131   2393   2394,    672   1021   1325
   860,    489    283    729   1445   2202   2395,    284    722   1147
   861,    461    350    651   2396   2397   2260,    757    870   1299
   862,    508    287    776   2077   2398   2399,    640    886   1149
   863,    289    510    777   2083   2400   2401,    642    887   1150
   864,     23     24    576     55   1862   2402,    509    977
   865,    472    331    719   2403   2113   2404,    661    866   1117
   866,     26    472    719   1825   2404   2405,    490    865   1093
   867,    471     14    720   1824   2406   2407,    489    868   1094
   868,    330    471    720   2408   2407   2111,    660    867   1116
   869,    461    233    798   2409   2410   2411,    870    906   1127
   870,    350    461    798   2396   2411   1879,    522    861    869
   871,    293    498    568   1698   2412   2151,    420    686    905
   872,    337    468    743   2413   2414   1450,    286    873   1023
   873,    468    254    743   1661   2415   2414,    402    872    984
   874,    462    295    610   2416   2417   1997,    592    930   1278
   875,    296    463    609   2418   1999   2419,    593    931   1279
   876,    571    291    796   2033   2420   1859,    508    613   1236
   877,     11     12    631     43   1715   2372,    427    841
   878,     28     29    630     60   2375   1716,    428    842
   879,    473    235    647   1668   2421   2356,    406    826   1195
   880,    469    302    624   2422   2423   2424,    881    986    995
   881,    193    469    624   2425   2424   2426,    880    914   1201
   882,    449    254    655   1549   2264   2427,    342    759   1302
   883,    544    198    666   1653   2428   1580,    361    398   1051
   884,    479    255    791   2346   2429   1957,    570    819   1058
   885,    256    480    792   2351   1960   2430,    571    822   1059
   886,    287    529    776   2431   2432   2398,    862   1151   1238
   887,    530    289    777   2433   2401   2434,    863   1154   1239
   888,    273    483    573   2367   1706   2435,    424    838   1281
   889,    274    484    574   2436   1632   1502,    313    387   1121
   890,    224    718    817   2248   2437   2302,    749    785   1288
   891,    232    612    787   2438   2439   1447,    285   1112   1296
   892,    268    450    660   1512   2096   2440,    319    650   1212
   893,    245    637    704   1515   2441   2442,    320    894   1210
   894,    637    391    704   1603   2200   2441,    374    721    893
   895,    751    398    790   1205   2443   2138,    160    679   1340
   896,    107    108    661    139   2444   2165,    694    974
   897,    318    450    666   1247   1581   2445,    184    361   1050
   898,    319    451    667   1376   1994   2446,    247    590    999
   899,    195    590    663    965   1919   2447,     57    544   1218
   900,    392    543    734   1554   2448   1629,    343    386   1027
   901,    607    243    696   1486   1527   2449,    305    327   1241
   902,    393    668    689   2450   2451   2452,    903    976   1017
   903,    668    310    689   2453   2382   2451,    847    902    907
   904,    611    231    789   1401   1689   2454,    261    415   1297
   905,    498    219    568   1556   1023   2412,     81    344    871
   906,    233    461    668   2409   2455   2456,    869    907   1018
   907,    461    310    668   1385   2453   2455,    254    903    906
   908,    485    288    760   2007   2457   2458,    598    949   1164
   909,    286    486    759   2009   2459   2460,    599    948   1165
   910,    585    402    717   1854   1794   2461,    472    505   1247
   911,    328    445    705   1789    924   2462,     41    470   1235
   912,    447    217    686   2336   1848   1799,    475    503    811
   913,    215    448    687   2338   1802   1851,    476    504    812
   914,    469    193    654   2425   2282   2463,    771    881    915
   915,    311    469    654   2464   2463   2465,    914   1046   1053
   916,    495    353    816   1477   2466   2141,    300    680   1343
   917,    354    496    818   1482   2145   2467,    302    681   1345
   918,    250    443    740   1133   1583   2316,    129    362    794
   919,    444    251    741   1136   2319   1584,    131    363    795
   920,    232    594    674   2252   1587   2468,    364    753   1112
   921,    218    531    619   2389   1496    968,     59    309    857
   922,    697    324    763   1383   2469   2470,    253    937   1174
   923,    304    500    607   2471   2472   2473,    925   1074   1241
   924,    305    501    608   2474   2475   1039,     87    926   1075
   925,    500    381    607   1393   1508   2472,    257    317    923
   926,    501    382    608   1395   1510   2475,    258    318    924
   927,    621    120    728   1325   2314   2476,    224    792   1240
   928,    505    199    676   1455   1298   2477,    211    289   1037
   929,    593    231    747   1687   2478   1759,    415    453   1172
   930,    295    462    631   2416   2373   1864,    511    841    874
   931,    463    296    630   2418   1863   2374,    510    842    875
   932,    304    453    710    919   1968   2479,     39    576   1074
   933,    305    454    711   2480   1971   2481,    577   1006   1075
   934,    562    220    641   1131   2482   1636,    128    390   1158
   935,    439    539    706   2087   2483   2193,    643    716   1198
   936,    636    276    813   2484   2485   2486,    968   1055   1341
   937,    413    697    763   1014   2470   1985,     77    586    922
   938,    489    365    703   1284   1464   1857,    205    293    507
   939,    278    522    712   2227   2487   1348,    233    736   1077
   940,    525    279    713   2237   1351   2488,    234    741   1078
   941,    357    559    560   1221   2489   2387,    170    855    942
   942,    559    272    560   1163   1159   2489,    140    142    941
   943,    505    284    584   2490   1640   1865,    392    512   1037
   944,    277    513    724   2152   2269   2491,    687    762   1190
   945,    278    514    723   2154   2270   2492,    688    763   1191
   946,    511    279    721   2158   2493   2271,    690    764   1188
   947,    512    280    722   2156   2494   2272,    689    765   1189
   948,    507    286    759   2080   2460   2495,    641    909   1063
   949,    288    509    760   2074   2496   2457,    639    908   1062
   950,    265    454    738   2171   2497   2498,    698   1006   1119
   951,     76    500    710   1929   2499   2051,    552    623   1074
   952,    170    501    711   1930   2500   2052,    553    624   1075
   953,    566    281    633   1838   1703   2501,    422    498   1129
   954,    213    532    571   2502   2320   1738,    441    797   1227
   955,    334    455    675   1302   2178   2503,    213    703   1260
   956,    554    116    788   2361   2504   2057,    628    829   1131
   957,    363    634    669   2505   2506   1346,    232    958   1318
   958,    634    238    669   1805   2507   2506,    478    957   1115
   959,    487    261    784   1544   1921   2508,    338    545   1100
   960,    262    488    785   1546   2509   1922,    339    546   1101
   961,    457    257    664    906   2344   1506,     34    315    817
   962,    366    449    797   1182   2510   1658,    150    401   1302
   963,    294    499    716   1701   2511   1195,    156    421   1155
   964,    518    369    611   1024   1427   2512,     82    275    997
   965,    476    271    627   2386   2513   2190,    711    854   1301
   966,    102    487    616   2064   2514   2256,    633    755   1100
   967,    488    126    617   2065   2259   2515,    634    756   1101
   968,    403    636    813   2516   2486    890,     28    936   1049
   969,    511     79    603   2173   2242   2159,    690    699    745
   970,    512    173    604   2174   2241   2157,    689    700    744
   971,     71    513    606   2175   2153   2243,    687    701    746
   972,    165    514    605   2176   2155   2244,    688    702    747
   973,    285    517    590   2326   1963    963,     56    573    802
   974,    108    518    661   1588   2517   2444,    365    896   1099
   975,    204    678    689   1467   2518   2380,    295    846    976
   976,    678    393    689   2519   2452   2518,    902    975   1336
   977,     23    576    771   2402   1744   2520,    444    864   1126
   978,    547    228    677   2521   1988   2522,    587   1181   1220
   979,      8    466    649   1933   2523   2279,    557    770   1264
   980,    467     32    648   1934   2278   2524,    558    769   1263
   981,    492    255    646   2525   2348   2329,    807    819   1090
   982,    256    493    645   2526   2330   2352,    808    822   1091
   983,    225    517    595   1902   2327   2527,    536    802   1261
   984,    254    452    743   1564   1263   2415,    191    350    873
   985,    623    338    624   1223   2528   2529,    171    986   1200
   986,    302    623    624   1974   2529   2423,    579    880    985
   987,    625    303    626   1977   2530   2531,    581    988   1280
   988,    339    625    626   1225   2531   2532,    172    987   1202
   989,    194    626    783   2533   2534   1991,    589   1203   1280
   990,    315    570    582   2392   2535    840,      8    858    991
   991,    570    313    582   2536   1751   2535,    447    990   1056
   992,    474    258    638   1116   2047   1833,    122    495    620
   993,    259    475    639   1124   1835   2043,    125    496    618
   994,    465    297    665   1438   1901   1311,    217    281    535
   995,    302    469    662   2422   2537   2204,    724    880   1277
   996,    534    422    690   1916   2094   2538,    543    647   1168
   997,    299    518    611   2539   2512   2540,    964   1099   1297
   998,    775    400    780   1548   2541   2542,    341   1139   1143
   999,    504    319    667   1218   2446   2543,    168    898   1000
  1000,    230    504    667   2328   2543   2544,    804    999   1060
  1001,    545    265    737   2042   2545   1538,    334    617   1199
  1002,    522    307    615   2230   2294   2546,    738    780   1003
  1003,    215    522    615   2547   2546   2339,    812   1002   1077
  1004,    308    525    614   2233   2548   2292,    739    779   1005
  1005,    525    217    614   2549   2337   2548,    811   1004   1078
  1006,    454    305    738   2480   1671   2497,    407    933    950
  1007,      5      6    760     37   2550   2551,   1062   1164
  1008,     34     35    759     66   2552   2553,   1063   1165
  1009,    638    299    789   2049   2554   1887,    528    621   1297
  1010,    374    455    796   2177   1860   2555,    508    703   1237
  1011,    110    111    746    142   2192   2556,    715   1144
  1012,    267    464    683   1390   2030   2557,    256    611   1216
  1013,    347    670    714   2070   2558    989,     67    637   1014
  1014,    670    394    714   1397   1064   2558,     98    259   1013
  1015,    395    671    715   1400   2559   1061,     97    260   1016
  1016,    671    348    715   2207    992   2559,     68    726   1015
  1017,    393    600    668   2560   2561   2450,    902   1018   1109
  1018,    600    233    668   1820   2456   2561,    487    906   1017
  1019,    276    456    739    922   2315   2562,     40    793   1341
  1020,    210    495    698   1475   2563   2564,    299   1021   1177
  1021,    495    323    698   2565   2394   2563,    859   1020   1124
  1022,    113    468    702   1497   2566   2567,    310   1023   1057
  1023,    468    337    702   2413   2568   2566,    872   1022   1276
  1024,    553    282    589   2088   1145   2384,    135    644    852
  1025,    466      9    684   1932   2306   2569,    557    787   1305
  1026,     31    467    685   1935   2570   2307,    558    788   1306
  1027,    543    225    734   2571   2572   2448,    900   1098   1261
  1028,    362    537    771   2123   2573   1743,    444    668   1029
  1029,    537     22    771   2104   2574   2573,    655   1028   1126
  1030,    402    703    727   1858   2575   1803,    477    507   1031
  1031,    703    201    727   1466   2576   2575,    294   1030   1219
  1032,    684     10    794   2305   1984   2577,    585    787   1313
  1033,     30    685    795   2308   2578   1983,    584    788   1314
  1034,    358    533    677   2579   2580   2181,    705   1035   1064
  1035,    533    298    677   2132   2581   2580,    674   1034   1181
  1036,    547    298    612   2582   2583   2324,    801   1181   1296
  1037,    284    505    676   2490   2477   2584,    928    943   1159
  1038,    256    467    755   2585   2586   2587,   1059   1091   1263
  1039,    466    255    754   2588   2589   2590,   1058   1090   1264
  1040,    316    498    640   1559   1700   1892,    345    420    530
  1041,    317    499    641    823   1702   2591,      2    421   1293
  1042,    335    686    753   2592   1850   2593,    503   1153   1290
  1043,    687    336    752   2594   2595   1852,    504   1152   1291
  1044,    470    312    793   1909   2262   2596,    540    758   1114
  1045,    654    352    656   2283   2597   2598,    772   1046   1328
  1046,    311    654    656   2465   2598    853,     14    915   1045
  1047,    253    490    779   1329   2599   1828,    226    492   1171
  1048,    249    636    804   1746   2600   2601,    445   1049   1326
  1049,    636    403    804   2516   2026   2600,    609    968   1048
  1050,    527    318    666    998   2445   2602,     71    897   1051
  1051,    198    527    666   2603   2602   2428,    883   1050   1213
  1052,     18     19    735     50   2604   1016,     78   1113
  1053,    469    311    767   2464   2605   2606,    915   1215   1277
  1054,    470    209    709   2607   1765   1610,    377    456   1114
  1055,    555    276    636   1807   2484   2169,    479    696    936
  1056,    313    570    652   2536   2608   1928,    549    991   1173
  1057,    112    113    702    144   2567   2609,   1022   1338
  1058,    255    466    791   2588   2610   2429,    884   1039   1305
  1059,    467    256    792   2585   2430   2611,    885   1038   1306
  1060,    561    230    667   1433   2544   1993,    279    590   1000
  1061,    355    552    744   1227   1757   1602,    173    373    451
  1062,    509      5    760   1104   2551   2496,    115    949   1007
  1063,     35    507    759   1106   2495   2552,    116    948   1008
  1064,    533    358    788   2579   2058   2612,    628   1034   1065
  1065,    117    533    788   1941   2612   2613,    562   1064   1131
  1066,    462    342    794   1996   2614   1955,    569    592   1313
  1067,    343    463    795   1998   1953   2615,    568    593   1314
  1068,    128    129    776    160   2616   2617,   1149   1238
  1069,     99    100    777    131   2618   2619,   1150   1239
  1070,    578    370    757   1027   2620   2621,     83   1071   1303
  1071,    286    578    757   2118   2621   2622,    665   1070   1256
  1072,    580    288    756   2115   2623   2624,    663   1073   1255
  1073,    372    580    756   1034   2624   2625,     85   1072   1304
  1074,    500    304    710   2471   2479   2499,    923    932    951
  1075,    501    305    711   2474   2481   2500,    924    933    952
  1076,    196    563    706   1520   1655   2626,    323    399   1198
  1077,    522    215    712   2547   2627   2487,    939   1003   1178
  1078,    217    525    713   2549   2488   2628,    940   1005   1179
  1079,     21    537    742   2105   2629   2108,    655    657   1103
  1080,    526    309    726   2234   2013   2630,    602    740   1197
  1081,    308    730    774   2631   2632   2633,   1082   1192   1231
  1082,    308    527    730   2291   2634   2631,    779   1081   1213
  1083,    528    307    731   2293   2071   2635,    638    780   1214
  1084,    369    549    786    893   2636   1428,     29    275   1085
  1085,    549    270    786   2053   2637   2636,    625   1084   1187
  1086,    479    221    717    870   2638   2639,     21   1087   1247
  1087,    320    479    717   2349   2639   1793,    472    820   1086
  1088,    673    401    804   1813   2640   2025,    483    609   1327
  1089,    492    332    754   1676   2641   2642,    410   1090   1309
  1090,    255    492    754   2525   2642   2589,    981   1039   1089
  1091,    493    256    755   2526   2587   2643,    982   1038   1092
  1092,    333    493    755   1682   2643   2644,    413   1091   1310
  1093,     25     26    719     57   2405   2114,    662    866
  1094,     14     15    720     46   2110   2406,    659    867
  1095,    374    663    699   2645   2646   1979,    582   1102   1204
  1096,    307    520    773   2229   2647   2072,    638    738   1230
  1097,    243    523    774   2219   2648   1666,    405    733   1231
  1098,    225    543    688   2571   2649   2650,   1027   1118   1180
  1099,    518    299    661   2539   2164   2517,    693    974    997
  1100,    616    487    784   2514   2508   2651,    959    966   1307
  1101,    488    617    785   2515   2652   2509,    960    967   1308
  1102,    663    327    699   1918   2209   2646,    544    727   1095
  1103,    537    301    742   2121   2376   2629,    667    843   1079
  1104,    220    583    758   2653   2654   2655,   1158   1266   1283
  1105,    561    269    672   1748   2012   2656,    446    601   1106
  1106,    378    561    672   1434   2656   1248,    185    279   1105
  1107,    506    237    767   1459   2657   2658,    291   1215   1246
  1108,    271    600    803   1579   2659   2660,    360   1109   1301
  1109,    600    393    803   2560   2661   2659,   1017   1108   1336
  1110,    617    127    802   2258   1894   2662,    531    756   1312
  1111,    101    616    801   2257   2663   1895,    532    755   1311
  1112,    612    232    674   2438   2468   2385,    853    891    920
  1113,     19    494    735   1270   2664   2604,    196   1052   1169
  1114,    209    470    793   2607   2596   2097,    651   1044   1054
  1115,    669    238    729   2507   2665   1656,    400    958   1147
  1116,    471    330    778   2408   2666   1830,    493    868   1193
  1117,    331    472    779   2403   1829   2667,    492    865   1171
  1118,    550    225    688   1903   2650   2668,    536   1098   1184
  1119,    515    265    738   2669   2498   1866,    516    950   1199
  1120,    595    314    734   2310   1630   2670,    386    790   1261
  1121,    484    274    718   2436   2671   2247,    749    889   1163
  1122,    295    591    764   1736   2379   2672,    439    845   1278
  1123,    592    296    765   1733   2673   2377,    438    844   1279
  1124,    323    495    740   2565   2317   1582,    362    794   1021
  1125,    496    324    741   2674   1585   2318,    363    795   1174
  1126,     22     23    771     54   2520   2574,    977   1029
  1127,    233    658    798   1821   2675   2410,    487    869   1128
  1128,    658    414    798   1938   1880   2675,    522    560   1127
  1129,    386    566    633   1535   2501   1471,    297    330    953
  1130,    550    312    647   2676   2357   2147,    683    826   1184
  1131,    116    117    788    148   2613   2504,    956   1065
  1132,    175    176    806    191   2677   2678,   1225   1286
  1133,     81     82    807     97   2679   2680,   1226   1287
  1134,     68     69    808     84   2681   2682,   1223   1284
  1135,    162    163    809    178   2683   2684,   1224   1285
  1136,    306    519    733   2228   2685   2016,    604    737   1182
  1137,    376    683    805   2686   2194   1767,    458    717   1217
  1138,    708    341    765   2687   2378   2167,    695    844   1140
  1139,    345    775    780   2274   2542   2688,    766    998   1332
  1140,    502    341    708   2689   2687   1672,    408   1138   1209
  1141,    521    214    681   1088   2265   2197,    108    719    760
  1142,    216    524    682   1081   2199   2267,    105    720    761
  1143,    400    567    780   1253   2690   2541,    187    998   1252
  1144,    549    110    746   1415   2556   2054,    269    625   1011
  1145,    482    326    772   1844   2691   1453,    288    501   1146
  1146,    326    484    772   1631   2692   2691,    387   1145   1170
  1147,    238    489    729   1285   2395   2665,    205    860   1115
  1148,    325    481    748   1840   1541   1704,    336    423    499
  1149,    129    508    776   1107   2399   2616,    117    862   1068
  1150,    510     99    777   1111   2619   2400,    120    863   1069
  1151,    529    287    752   2431   2693   2694,    886   1152   1272
  1152,    336    529    752   2695   2694   2595,   1043   1151   1243
  1153,    530    335    753   2696   2593   2697,   1042   1154   1242
  1154,    289    530    753   2433   2697   2698,    887   1153   1273
  1155,    499    227    716    820   2699   2511,      1    963   1166
  1156,    618    226    640    944   1890   1729,     48    436    529
  1157,    198    483    790   1652   2368   2700,    398    838   1333
  1158,    641    220    758   2482   2655   2701,    934   1104   1293
  1159,    586    284    676   1191   2584   2702,    154   1037   1221
  1160,    298    542    787   2133   2703   2704,    674   1161   1296
  1161,    542    383    787   1406   1448   2703,    264    285   1160
  1162,    588    354    718   1483   2705   2706,    302   1163   1288
  1163,    274    588    718   1485   2706   2671,    304   1121   1162
  1164,      6    485    760   1720   2458   2550,    431    908   1007
  1165,    486     34    759   1719   2553   2459,    430    909   1008
  1166,    227    635    716    898   2707   2699,     31   1155   1167
  1167,    635    362    716   2124   1196   2707,    156    668   1166
  1168,    197    534    690   1525   2538   2182,    326    706    996
  1169,    494    349    735   1286   1372   2664,    206    245   1113
  1170,    484    224    772   2246   1454   2692,    288    749   1146
  1171,    490    331    779    986   2667   2599,     66   1047   1117
  1172,    231    491    747   2027   2191   2478,    610    713    929
  1173,    570    218    652   2390   1786   2608,    468    857   1056
  1174,    324    496    763   2674   2708   2469,    922   1125   1185
  1175,    490    375    800   1328   1203   2709,    159    226   1176
  1176,    220    490    800   1130   2709   2710,    128   1175   1283
  1177,    210    698    745   2564   2711   2311,    791   1020   1325
  1178,    215    596    712   1942   2712   2627,    563   1077   1248
  1179,    597    217    713   1944   2628   2713,    564   1078   1249
  1180,    543    423    688   1947   2255   2649,    565    754   1098
  1181,    298    547    677   2582   2522   2581,    978   1035   1036
  1182,    519    241    733   2215   2714   2685,    731   1136   1298
  1183,    599    206    732   2195   2715   2716,    718   1250   1294
  1184,    312    550    688   2676   2668   2254,    754   1118   1130
  1185,    496    211    763   1479   1986   2708,    301    586   1174
  1186,    359    601    709   1053   1622   1766,     93    382    457
  1187,    270    491    786   1760   2028   2637,    454    610   1085
  1188,    279    523    721   2236   2220   2493,    733    741    946
  1189,    280    526    722   2238   2222   2494,    734    742    947
  1190,    519    277    724   2223   2491   2216,    731    735    944
  1191,    520    278    723   2225   2492   2218,    732    736    945
  1192,    730    398    774   2717   1667   2632,    405   1081   1340
  1193,    330    497    778    971   2718   2666,     60   1116   1194
  1194,    497    252    778   1166   1831   2718,    144    493   1193
  1195,    647    235    699   2421   2277   2208,    727    768    879
  1196,    222    584    708   1269   1673   2166,    195    408    695
  1197,    244    526    726   2221   2630   2056,    627    734   1080
  1198,    539    196    706   1597   2626   2483,    370    935   1076
  1199,    265    515    737   2669   1695   2545,    418   1001   1119
  1200,    624    338    693   2528   2719   2720,    985   1201   1268
  1201,    193    624    693   2426   2720   2721,    881   1200   1319
  1202,    339    626    694   2532   2722   2723,    988   1203   1269
  1203,    626    194    694   2533    912   2722,     36    989   1202
  1204,    374    613    663   2724   2725   2645,   1095   1218   1237
  1205,    246    643    692   2726   2727   2184,    707   1206   1321
  1206,    643    345    692   2273   2728   2727,    766   1205   1267
  1207,    346    644    695   1185   2729   2730,    152   1208   1270
  1208,    644    247    695   2731   2189   2729,    710   1207   1322
  1209,    341    502    769   2689   1907   2364,    538    832   1140
  1210,    629    245    704   1312   2442   2732,    218    893   1211
  1211,    344    629    704   2321   2732   2179,    704    798   1210
  1212,    268    660    691   2440   2733   1989,    588    892   1257
  1213,    527    198    730   2603   2734   2634,   1051   1082   1333
  1214,    200    528    731   1375   2635   1948,    246    566   1083
  1215,    311    506    767   1078   2658   2605,    104   1053   1107
  1216,    569    267    683   1964   2557   2735,    575   1012   1217
  1217,    376    569    683   1436   2735   2686,    280   1137   1216
  1218,    613    195    663   1273   2447   2725,    199    899   1204
  1219,    201    558    727   1321   2095   2576,    221    649   1031
  1220,    228    547    725   2521   2736   2737,    978   1229   1254
  1221,    364    586    676   1296   2702   1297,    210    211   1159
  1222,    420    620    725   2125   2738   2239,    669    743   1254
  1223,    507     68    808   1100   2682   2081,    113    641   1134
  1224,    508    162    809   1102   2684   2078,    114    640   1135
  1225,    176    509    806   1108   2076   2677,    118    639   1132
  1226,     82    510    807   1110   2085   2679,    119    642   1133
  1227,    532    213    749   2502   2005   2106,    596    656    954
  1228,    659    263    701   2210   2369   2739,    728    839   1265
  1229,    547    322    725   2323   2249   2736,    750    801   1220
  1230,    520    242    773   2217   2740   2647,    732   1096   1316
  1231,    523    308    774   2231   2633   2648,    739   1081   1097
  1232,    223    573    748   2383   1707   1540,    336    424    851
  1233,    353    814    815   2741   2335   2742,    810   1295   1343
  1234,    236    577    705   1114   2743   1770,    121    459   1235
  1235,    577    328    705   1868   2462   2743,    517    911   1234
  1236,    291    613    796   1272   2744   2420,    198    876   1237
  1237,    613    374    796   2724   2555   2744,   1010   1204   1236
  1238,    529    128    776   1924   2617   2432,    547    886   1068
  1239,    100    530    777   1926   2434   2618,    548    887   1069
  1240,    300    621    728   1370   2476   2297,    244    782    927
  1241,    304    607    696   2473   2449   2023,    607    901    923
  1242,    335    530    801   2696   1927   2745,    548   1153   1311
  1243,    529    336    802   2695   2746   1925,    547   1152   1312
  1244,    281    552    761   1755   2149   2747,    451    685   1258
  1245,    410    556    749   1914   2137   2004,    542    596    678
  1246,    237    662    767   1899   2748   2657,    534   1107   1277
  1247,    221    585    717   1936   2461   2638,    559    910   1086
  1248,    596    371    712   1775   1349   2712,    233    462   1178
  1249,    373    597    713   1780   2713   1350,    234    464   1179
  1250,    329    599    732   2340   2716   2359,    813    828   1183
  1251,    553    240    762   1228    883   2126,     26    174    670
  1252,    567    193    780   2280   2749   2690,    771   1143   1319
  1253,    566    239    744   1534   1097   1839,    111    330    498
  1254,    620    228    725   1138   2737   2738,    132   1220   1222
  1255,    288    564    756   2008   2214   2623,    598    730   1072
  1256,    565    286    757   2010   2622   2211,    599    729   1071
  1257,    660    377    691   1429   1382   2733,    252    276   1212
  1258,    593    281    761   1457   2747   2750,    290   1244   1274
  1259,    653    429    732   2322   2360   2751,    800    828   1294
  1260,    334    675    782   2503   2752   1416,    270    955   1331
  1261,    225    595    734   2527   2670   2572,    983   1027   1120
  1262,    555    212    781   1912   2092   1808,    479    541    645
  1263,    467    648    755   2524   2753   2586,    980   1038   1310
  1264,    649    466    754   2523   2590   2754,    979   1039   1309
  1265,    367    659    701   1310   2739   1355,    216    236   1228
  1266,    583    408    758   1931   1950   2654,    554    567   1104
  1267,    692    345    693   2728   2755   2756,   1206   1268   1332
  1268,    338    692    693   2186   2756   2719,    708   1200   1267
  1269,    339    694    695   2723   2757   2187,    709   1202   1270
  1270,    694    346    695    914   2730   2757,     37   1207   1269
  1271,    283    585    770   1855   1937   2758,    505    559   1275
  1272,    287    596    752   1778   1943   2693,    463    563   1151
  1273,    597    289    753   1782   2698   1945,    465    564   1154
  1274,    360    593    761   1875   2750   1254,    188    520   1258
  1275,    602    283    770   2309   2758   2759,    789   1271   1282
  1276,    702    337    812   2568   2245   2760,    748   1023   1338
  1277,    662    469    767   2537   2606   2748,    995   1053   1246
  1278,    610    295    764   2417   2672   2353,    823    874   1122
  1279,    296    609    765   2419   2354   2673,    824    875   1123
  1280,    626    303    783   2530   2761   2534,    987    989   1289
  1281,    273    573    814   2435   2333   2762,    810    888   1292
  1282,    340    602    770   1366   2759   1522,    242    324   1275
  1283,    583    220    800   2653   2710   1283,    204   1104   1176
  1284,     69    578    808   1563   2119   2681,    349    665   1134
  1285,    163    579    809   1562   2117   2683,    348    664   1135
  1286,    580    175    806   1561   2678   2116,    347    663   1132
  1287,    581     81    807   1560   2680   2120,    346    666   1133
  1288,    718    354    817   2705   2763   2437,    890   1162   1345
  1289,    303    634    783   2024   2764   2761,    608   1280   1318
  1290,    686    335    784   2592   2765   1920,    545   1042   1307
  1291,    336    687    785   2594   1923   2766,    546   1043   1308
  1292,    587    273    814   2014   2762   2767,    603   1281   1295
  1293,    317    641    758   2591   2701   1949,    567   1041   1158
  1294,    206    653    732   2061   2751   2715,    629   1183   1259
  1295,    353    587    814   1478   2767   2741,    300   1233   1292
  1296,    612    298    787   2583   2704   2439,    891   1036   1160
  1297,    299    611    789   2540   2454   2554,    904    997   1009
  1298,    241    707    733   2130   2768   2714,    671   1182   1324
  1299,    651    350    768   2397   2769   2770,    861   1300   1339
  1300,    194    651    768   1990   2770   1619,    381    589   1299
  1301,    627    271    803   2513   2660   2331,    809    965   1108
  1302,    449    655    797   2427   2771   2510,    882    962   1330
  1303,    370    681    757   1358   2266   2620,    238    760   1070
  1304,    682    372    756   1359   2625   2268,    239    761   1073
  1305,    466    684    791   2569   2772   2610,   1025   1058   1334
  1306,    685    467    792   2570   2611   2773,   1026   1059   1335
  1307,    335    616    784   2774   2651   2765,   1100   1290   1311
  1308,    617    336    785   2775   2766   2652,   1101   1291   1312
  1309,    332    649    754   1007   2754   2641,     74   1089   1264
  1310,    648    333    755   1005   2644   2753,     73   1092   1263
  1311,    616    335    801   2774   2745   2663,   1111   1242   1307
  1312,    336    617    802   2775   2662   2746,   1110   1243   1308
  1313,    342    684    794   2776   2577   2614,   1032   1066   1334
  1314,    685    343    795   2777   2615   2578,   1033   1067   1335
  1315,    387    650    762    995   2127   1054,     69     94    670
  1316,    242    750    773   1324   2778   2740,    223   1230   1317
  1317,    750    397    773   1207   2286   2778,    161    775   1316
  1318,    634    363    783   2505   2365   2764,    833    957   1289
  1319,    193    693    780   2721   2779   2749,   1201   1252   1332
  1320,    355    643    810   1601   2780   1722,    373    433   1321
  1321,    643    246    810   2726   1772   2780,    460   1205   1320
  1322,    247    644    811   2731   2781   1774,    461   1208   1323
  1323,    644    356    811    831   1725   2781,      5    434   1322
  1324,    707    406    733   2002   2017   2768,    595    604   1298
  1325,    698    433    745   2393   2371   2711,    840    859   1177
  1326,    766    249    804   1615   2601   2782,    379   1048   1327
  1327,    401    766    804   2783   2782   2640,   1088   1326   1337
  1328,    656    352    799   2597   1884   2784,    524   1045   1329
  1329,    234    656    799    856   2784   2295,     15    781   1328
  1330,    655    292    797   2275   2366   2771,    767    834   1302
  1331,    675    235    782   2276   1669   2752,    406    768   1260
  1332,    693    345    780   2755   2688   2779,   1139   1267   1319
  1333,    730    198    790   2734   2700   2785,   1157   1213   1340
  1334,    684    342    791   2776   1958   2772,    570   1305   1313
  1335,    343    685    792   2777   2773   1959,    571   1306   1314
  1336,    393    678    803   2519   2355   2661,    825    976   1109
  1337,    766    401    768   2783   1620   2786,    381   1327   1339
  1338,    112    702    812   2609   2760   2362,    830   1057   1276
  1339,    350    766    768   1614   2786   2769,    378   1299   1337
  1340,    398    730    790   2717   2785   2443,    895   1192   1333
  1341,    276    739    813   2562   2787   2485,    936   1019   1342
  1342,    739    387    813   1536   1055   2787,     94    331   1341
  1343,    353    815    816   2742   2788   2466,    916   1233   1344
  1344,    815    430    816   2299   2301   2788,    783    784   1343
  1345,    817    354    818   2763   2467   2789,    917   1288   1346
  1346,    431    817    818   2303   2789   2304,    785    786   1345
